4712100;4713001;0;
0;4713001;
0;4713001;
8630503;4713001;86;0;
0;4713001;
0;4713001;
4713001;
0;4713001;
0;9700500;3101200;4713001;
0;5611202;4713001;
9491000;4713001;0;
0;4713001;
0;4713001;
0;4713001;
0;4713001;
0;8512100;4713001;
0;8512100;4713001;
0;4713001;
0;4713001;
0;4713001;
4713001;
4713001;
4713001;
0;86;4713001;
0;4713001;
4713001;
4713001;
4713001;
0;9700500;4713001;
5590699;4713001;0;
0;8512100;4713001;
0;4713001;
0;4713001;
0;4713001;
0;86;4713001;
4713001;
0;4713001;9529102;
0;9601701;4713001;
0;4713001;
0;64;4713001;
0;7711000;4713001;
0;4713001;
0;4713001;
4713001;
4712100;4729602;0;4713001;
0;9700500;3101200;4713001;
0;4713001;86;8630504;
4713001;
0;86;4713001;
0;86;4713001;
4712100;4713001;0;
0;4713001;4783101;
0;86;4713001;
0;4713001;
0;4713001;
0;86;4713001;
6821801;4713001;0;
0;9602501;4713001;
0;4713001;
0;4713001;
9491000;4713001;0;
0;4713001;
0;9602501;4713001;
0;4753900;4713001;4520001;
0;9602501;4713001;
0;4713001;
4713001;
4713001;
0;4713001;
4713001;
4713001;
4713001;
0;86;4713001;
0;9700500;3101200;4713001;
0;4713001;
4713001;
0;9700500;4713001;
0;4713001;
0;4713001;
0;4713001;
0;4713001;
0;4713001;
0;4781400;4713001;
0;4713001;
4713001;
4713001;
0;4713001;
0;4713001;
0;4713001;
0;86;4713001;
0;4713001;
5611201;4713001;4712100;0;
4713001;
0;4713001;
0;4713001;
0;4036619;64;4713001;
0;4713001;
0;4713001;
0;4713001;
0;4713001;
4713001;
0;8610101;4713001;
0;4713001;
4712100;0;4713001;
9491000;4713001;0;
4713001;
5611201;4713001;4712100;0;
0;4713001;
0;4713001;
0;4713001;
0;4713001;
4713001;
0;4713001;
0;4713001;
0;4713001;
0;4713001;
4713001;
0;4713001;
0;4713001;
0;4713001;
0;4713001;
0;86;4713001;
9491000;4713001;0;
0;5611202;4713001;
0;4713001;
4713001;
0;4713001;
0;4713001;
0;4713001;
0;4713001;
0;9602501;4713001;
0;4713001;
0;4713001;7911200;
0;4713001;
0;4713001;
5590699;4713001;0;
4713001;
0;4713001;
0;6911701;4713001;
4712100;86;0;4713001;
0;86;4713001;
4771701;86;0;4713001;
86;4713001;8610101;0;
4713001;
0;4713001;
0;8512100;4713001;
0;86;9313100;4713001;
0;4713001;
0;86;4713001;
4713001;
4712100;4713001;0;1091102;
4713001;
0;4713001;
0;4713001;
0;4713001;
0;4713001;
4713001;
0;4713001;
4713001;
0;4713001;86;8630504;
4712100;0;4713001;
4713001;
4713001;
9491000;4713001;0;
0;4713001;
4713001;
0;4713001;
4713001;
9491000;4713001;0;
4511102;0;4713001;
4713001;
0;4713001;
9491000;4713001;0;
0;8512100;4713001;
4713001;
0;4713001;
9491000;4713001;0;
0;4713001;
4713001;
0;4520005;4713001;
4713001;
0;4713001;
0;4713001;
0;4713001;
0;4713001;
9491000;4713001;0;
4713001;
0;4713001;
0;4713001;
0;4713001;
0;4713001;
0;8512100;4713001;
0;4713001;
9609208;0;4713001;
0;4713001;
4713001;
0;4713001;
6821801;4713001;0;
4713001;
0;4713001;
4713001;
0;4713001;
0;4713001;
0;4713001;
0;4713001;
0;4713001;
4712100;0;4713001;
0;4713001;
0;4713001;
0;4713001;
4713001;
4713001;
0;4713001;
4712100;0;4713001;
0;4713001;86;8630504;
0;4713001;4783101;
4712100;4713001;0;
0;4713001;86;8630504;
0;4713001;
0;8512100;4713001;
0;4713001;
4713001;
5611201;4713001;4712100;0;
9609208;0;4713001;
0;4713001;
4713001;
4713001;
0;8512100;4713001;
0;4713001;
5611201;4713001;4712100;0;
4712100;0;4713001;
0;4731800;4713001;
0;4713001;
0;4713001;
0;4520005;4713001;
0;4713001;
0;86;9313100;4713001;
0;4713001;4520001;
4713001;
4712100;0;4713001;
0;4713001;
4713001;
0;8512100;4713001;
4713001;
5611201;4713001;4712100;0;
0;4713001;
0;4713001;
0;4713001;
0;
0;
0;4713001;
0;
0;8512100;4713001;
4712100;0;4711302;4713001;
0;8610101;4713001;
0;4713001;
0;4713001;
4713001;
0;4713001;
0;4713001;
6821801;4713001;0;
0;4713001;
4713001;
6821801;4713001;0;
0;4713001;
0;8512100;4713001;
0;4713001;
5611201;4713001;4712100;0;
0;7500100;4713001;
6821801;4713001;0;
0;4781400;4713001;
0;4713001;
0;8512100;4713001;
0;4713001;
9609208;0;4713001;
0;64;4713001;
0;8512100;4713001;
4712100;5611202;4713001;0;
0;4713001;
4713001;
0;86;4713001;
4713001;
0;4713001;
0;4713001;
4713001;
4713001;
0;4713001;
4713001;
4713001;
0;4713001;
0;4713001;
0;4713001;
0;4713001;
4713001;
0;6911701;4713001;
0;4713001;
0;86;4713001;
0;4713001;
0;4623106;4713001;
4713001;
9491000;4713001;0;
0;86;9313100;4713001;
0;8512100;4713001;
0;8610101;4713001;
0;4781400;4713001;
0;4713001;
0;4713001;
0;4713001;
4713001;
0;4713001;
9491000;4713001;0;
0;9700500;3101200;4713001;
4712100;4713001;0;
0;4713001;
4713001;
4713001;
0;4713001;
0;4713001;
0;4713001;
0;4713001;
9491000;4713001;0;
0;4713001;
0;9700500;3101200;4713001;
0;4713001;
0;4713001;
0;4713001;
0;4713001;
0;4713001;
0;4713001;
0;4713001;
0;4713001;
0;4713001;
0;4713001;
0;9700500;4713001;
0;4713001;
5611201;4713001;4712100;0;
0;9700500;4713001;
0;4713001;
0;64;4713001;
0;4781400;4713001;
0;4713001;
0;4713001;
0;4713001;
0;9700500;3101200;4713001;
4712100;4713001;0;
0;4713001;
0;4713001;86;8630504;
0;7500100;4713001;
0;4713001;
0;4713001;
0;4713001;
0;4713001;
0;4713001;
0;4713001;
0;4713001;
0;4713001;
0;4713001;
6821801;4713001;0;
4713001;
0;4713001;
0;6911701;4713001;
0;4520005;4713001;
4713001;
0;8512100;4713001;
0;4713001;
0;4713001;
0;4713001;
0;4713001;
0;4713001;
0;86;9313100;4713001;
0;4713001;
4712100;4713001;0;1091102;
4713001;
0;5611202;4713001;
0;4713001;
0;4713001;
0;4713001;
0;4713001;5211799;
0;4713001;
9491000;4713001;0;
4713001;
0;4713001;
0;4713001;
4713001;
0;4713001;
0;4713001;
4713001;
4713001;
0;4713001;
4713001;
5590699;4713001;0;
5611201;4713001;4712100;0;
0;4321500;4713001;
0;9700500;4713001;
0;4713001;
0;4713001;
5611201;4713001;4712100;0;
0;4713001;
0;4713001;
5510801;4713001;86;0;
0;4713001;5211799;
4712100;4713001;0;1091102;
0;4713001;
4713001;
0;4713001;
0;4713001;
0;4713001;86;8630504;
0;4713001;
0;4753900;4713001;
0;4781400;4713001;
0;8512100;4713001;
0;9602501;4713001;
0;4781400;4713001;
0;9602501;4713001;
5611201;4713001;4712100;0;
9491000;4713001;0;
0;4713001;
0;9700500;3101200;4713001;
0;4713001;
4713001;
0;4713001;
0;4713001;
0;86;6512000;4713001;
0;4713001;
9491000;4713001;0;
0;4713001;
0;4713001;
9491000;4713001;0;
0;4713001;
0;
0;4753900;4713001;
0;86;4713001;
0;4713001;
0;8512100;4713001;
6821801;4713001;0;
4713001;
5590699;4713001;0;
4712100;4713001;0;
0;4713001;
5590699;4713001;0;
0;4713001;
0;4713001;
0;8512100;4713001;
0;4713001;
4511102;0;4713001;
0;4713001;
0;4713001;
0;4713001;
0;8512100;4713001;
4713001;
0;4713001;
0;4713001;
0;64;5310501;4713001;
0;4713001;
0;4713001;
0;4713001;
0;4713001;
0;86;9313100;4713001;
8630503;4713001;86;0;
4712100;0;4713001;
8630503;4713001;86;0;
0;86;9313100;4713001;
0;4713001;8531700;
0;8512100;4713001;
0;8512100;4713001;
0;4713001;
0;4713001;
0;4753900;4713001;
0;4713001;
0;4713001;
0;4713001;
0;4713001;
0;4713001;
6821801;4713001;0;
6821801;4713001;0;
4713001;
0;4713001;4712100;5611201;5611202;
0;4713001;
0;4713001;
0;4713001;
4713001;
0;
0;4713001;4783101;
9491000;4713001;0;
4713001;
0;86;4713001;
0;4713001;4712100;5611201;5611202;
4712100;4713001;0;
0;4713001;
0;4713001;
0;4713001;
0;4713001;
0;4713001;
0;4713001;
4712100;0;4713001;
4713001;
0;7500100;4713001;
0;4713001;
4713001;
4713001;
0;64;4713001;
5611201;4713001;4712100;0;
4511102;0;4713001;
4713001;
6821801;4713001;0;
4712100;4713001;0;
0;4713001;
4713001;
6821801;4713001;0;
0;86;4713001;
4713001;
8630503;4713001;86;0;
8630503;4713001;86;0;
0;86;4713001;
0;4713001;8531700;
0;8512100;4713001;
0;8512100;4713001;
0;4713001;
0;86;9313100;4713001;
0;4713001;
0;9602501;4713001;
0;4713001;
0;4713001;
4712100;0;4711302;4713001;
4713001;
0;4713001;
0;9700500;3101200;4713001;
0;4713001;4520001;
0;8512100;4713001;
0;4713001;9529102;
0;4713001;
0;4713001;
0;4713001;86;8630504;
0;86;4713001;
4713001;
0;4713001;
0;4713001;
9491000;4713001;0;
0;9700500;3101200;4713001;
0;4713001;
9491000;4713001;0;
0;9700500;3101200;4713001;
0;4713001;
8630503;4713001;86;0;
0;4520001;4713001;
0;4713001;
0;4713001;
0;4713001;7911200;
0;4713001;
4712100;86;0;4713001;
8630503;4713001;86;0;
0;4713001;
9491000;4713001;0;
4712100;86;0;4713001;
4713001;
0;4713001;
4713001;
0;4713001;
4713001;
0;5611202;4713001;
0;4713001;4783101;
9491000;4713001;0;
4713001;
0;4713001;4520001;
9491000;4713001;0;
0;4713001;
4713001;
9609208;0;4713001;
0;5611202;4713001;
0;4713001;
0;4713001;
0;4713001;
0;4713001;
0;7711000;4713001;
0;4713001;
0;4713001;
0;4713001;
0;4713001;
0;4713001;
4771701;86;0;4713001;
4771701;86;0;4713001;
0;4713001;
4713001;
0;4713001;
0;8610101;4713001;
0;4713001;
5590699;4713001;0;
0;4713001;
0;4713001;
0;4713001;
4713001;
0;4713001;
0;86;9313100;4713001;
4713001;
0;6920601;64;4713001;
4712100;0;4713001;
0;9602501;4713001;
0;4713001;
0;4713001;
0;4713001;
4713001;
0;4713001;86;8630504;
0;86;4713001;
0;4753900;4713001;
0;4713001;
0;4713001;
4713001;
0;4713001;
4712100;4713001;0;
6821801;4713001;0;
0;9700500;3101200;4713001;
0;86;4713001;
0;4713001;
0;9602501;4713001;
0;4713001;
0;4713001;
4713001;
9491000;4713001;0;
0;4713001;7911200;
0;4713001;
0;4713001;
0;4713001;
4511102;0;4713001;
4713001;
4713001;
0;4713001;
0;4713001;
0;4713001;
4713001;
9491000;4713001;0;
4713001;
0;5611202;4713001;
4712100;4713001;0;
4712100;4713001;0;
0;
0;4713001;
0;8512100;4713001;
4713001;
0;64;5310501;4713001;
0;4713001;
0;4713001;
0;4713001;
0;4713001;
4713001;
0;4713001;
0;4713001;
0;4713001;
0;4713001;
0;4713001;
0;8512100;4713001;
0;86;4713001;
0;8512100;4713001;
0;4781400;4713001;
0;4713001;9529102;
0;4713001;9529102;
0;4713001;
0;4713001;
0;6911701;4713001;
5611201;4713001;4712100;0;
0;4713001;
0;4713001;
0;4713001;
9313100;4713001;0;86;8512100;
0;4520005;4713001;
0;4713001;
4511102;0;4713001;
0;4713001;
4713001;
0;8512100;4713001;
0;4713001;
0;4713001;
0;4713001;
0;86;9313100;4713001;
4713001;4036619;0;64;6421200;
0;64;6421200;4713001;
0;
0;4713001;
0;4713001;
0;8512100;4713001;
0;8512100;4713001;
0;4713001;
0;9602501;4713001;
0;8512100;4713001;
4713001;
9313100;4713001;0;86;8512100;
0;86;4713001;
0;4713001;
0;4713001;
0;6920601;64;4713001;
4712100;4713001;0;
0;4713001;
9491000;4713001;0;
0;8424800;4713001;
4713001;
0;86;4713001;
4712100;0;4713001;
4712100;0;4713001;
0;6512000;4713001;
0;4713001;
4712100;0;4713001;
0;86;4713001;
0;4713001;
0;4713001;86;8630504;
0;8512100;4713001;
0;4713001;
4511102;0;4713001;
4713001;
0;4753900;4713001;4520001;
4713001;
0;64;4713001;
0;4713001;
0;4713001;86;8630504;
0;4713001;
4713001;
0;86;4713001;
0;4713001;
0;4713001;4520001;
0;4713001;4520001;
0;4713001;
0;4713001;
4712100;0;4713001;
0;4713001;
0;4713001;
0;86;9313100;4713001;
0;4713001;
0;4713001;
0;4713001;
9491000;4713001;0;
0;4713001;
0;4713001;
0;4713001;
0;4713001;
0;86;4713001;
0;4713001;
0;4713001;
0;4713001;
0;
0;4713001;
0;4781400;4713001;
4712100;0;4711302;4713001;
0;8512100;4713001;
9491000;4713001;0;
9491000;4713001;0;
0;86;9313100;4713001;
8630503;4713001;86;0;
0;86;9313100;4713001;
4712100;86;0;4713001;
4713001;
0;4781400;4713001;
0;
0;4713001;
0;4713001;
0;4713001;
0;4713001;5211799;
4712100;4713001;0;
0;4713001;
0;9700500;3101200;4713001;
0;4713001;
0;9700500;3101200;4713001;
0;4713001;
4713001;
0;86;4713001;
0;4713001;
0;9602501;4713001;
0;4713001;
0;4713001;
5590699;4713001;0;
0;4713001;
0;4713001;
0;86;4713001;
4712100;0;4713001;
0;86;4713001;
4712100;0;4713001;
4712100;0;4713001;
4713001;
0;4713001;
0;5611202;4713001;
0;9602501;4713001;
0;64;4713001;
0;4713001;
4713001;
0;4713001;
0;4713001;7911200;
0;4713001;
0;9700500;4713001;
0;4713001;
0;4713001;
9491000;4713001;0;
4713001;
4712100;4713001;0;
0;4713001;
4713001;
9491000;4713001;0;
4713001;
0;4713001;
0;4713001;
0;4713001;
0;8512100;4713001;
0;86;4713001;
0;
0;4713001;
0;4713001;
0;4753900;4713001;
0;4713001;
0;4713001;
0;4713001;
0;4713001;
4713001;
0;4713001;
0;9700500;4713001;
4713001;
4713001;
0;4713001;5211799;
4712100;0;4713001;
0;4713001;
0;86;9313100;4713001;
0;4713001;
0;4713001;
0;4713001;
4713001;
0;4713001;9529102;
0;4713001;
5510801;4713001;5590699;0;86;
0;4713001;
0;4713001;
0;4713001;
0;9602501;4713001;
0;4713001;
0;86;4713001;
0;4753900;4713001;
4713001;
4712100;4713001;0;
0;4713001;
4713001;
0;5611202;4713001;
0;5223100;4713001;
0;4713001;
4713001;
4713001;
4713001;
0;5611202;4713001;
0;4713001;4520001;
9491000;4713001;0;
0;8512100;4713001;
0;4713001;
9491000;4713001;0;
0;4713001;
0;4713001;9529102;
9491000;4713001;0;
0;4713001;
0;4713001;
5611201;4713001;4712100;0;
0;4713001;
4713001;
0;4713001;
0;4713001;
4713001;4712100;0;5611202;4711302;
4713001;
0;4713001;
4713001;
0;4520001;4713001;
0;4713001;4520001;
0;4713001;4520001;
4713001;
0;4713001;
4713001;
0;9700500;4713001;
5590699;4713001;0;
0;4930204;4713001;
0;4930204;4713001;
4712100;0;9700500;4713001;
4713001;
0;8610101;4713001;
0;4713001;
0;4713001;86;8630504;
0;4713001;86;8630504;
0;4713001;86;8630504;
0;4713001;
0;4713001;
0;4713001;
0;4713001;
0;4713001;
0;4713001;4520001;
0;4713001;
6821801;4713001;0;
0;4520001;4713001;
0;4713001;4520001;
0;4713001;
0;4713001;
4712100;4713001;0;
6821801;4713001;0;
0;4713001;86;8630504;
0;9602501;4713001;
0;4713001;
0;7500100;4713001;
0;7500100;4713001;
0;4713001;
0;9602501;4713001;
0;7500100;4713001;
4712100;4713001;0;
0;4713001;
6821801;4713001;0;
0;4713001;4712100;5611201;5611202;
0;8512100;4713001;
4713001;
4713001;
0;7711000;4713001;
4713001;
0;4713001;
0;8512100;4713001;
0;8512100;4713001;
0;8512100;4713001;
4713001;
0;4713001;
4713001;
0;4713001;
6821801;4713001;0;
4713001;
0;4731800;4713001;
4713001;
4712100;0;4711302;4713001;
0;
4713001;
5611201;4713001;4712100;0;
0;4713001;
0;4713001;
0;4753900;4713001;
5590699;4713001;0;
4713001;
0;4713001;
0;4713001;
0;4713001;
0;9700500;3101200;4713001;
0;4713001;
4713001;
0;86;4713001;
0;4713001;
9491000;4713001;0;
0;8424800;4713001;
9491000;4713001;0;
0;4713001;
0;9602501;4713001;
0;86;9313100;4713001;
5611201;4713001;4712100;0;
4322301;4713001;4321500;0;
0;64;4713001;
0;9602501;4713001;
0;4713001;
0;86;9313100;4713001;
0;4713001;
0;4713001;
0;4713001;
9491000;4713001;0;
0;4781400;4713001;
0;4781400;4713001;
0;4713001;7911200;
0;4713001;
0;4713001;
0;9602501;4713001;
9491000;4713001;0;
9491000;4713001;0;
0;4713001;
4713001;
0;4713001;
0;4713001;
4713001;
0;4713001;
0;86;4713001;
0;4713001;
4712100;4713001;0;1091102;
0;4713001;
0;4713001;
4713001;
4713001;
4713001;
4713001;
4713001;
0;4713001;
0;4713001;86;8630504;
0;86;4713001;
0;86;4713001;
0;4713001;
0;4713001;
0;4713001;
4712100;0;4713001;
0;6920601;64;4713001;
0;4713001;86;8630504;
0;
0;86;4713001;
0;4713001;
0;4753900;4713001;
0;4713001;
4713001;
9491000;4713001;0;
0;86;4713001;
0;4623106;4713001;
0;4713001;
0;9700500;3101200;4713001;
4713001;
5611201;4713001;4712100;0;
5611201;4713001;4712100;0;
0;4781400;4713001;
0;4713001;
0;8512100;4713001;
0;8512100;4713001;
0;4713001;
0;4713001;4520001;
0;4713001;9529102;
0;4713001;
0;4713001;
4713001;
4511102;0;4713001;
0;4713001;
4713001;
0;4713001;
0;4713001;4520001;
0;4713001;
9491000;4713001;0;
0;4713001;
5611201;4713001;4712100;0;
9491000;4713001;0;
9609208;0;4713001;
9491000;4713001;0;
0;4713001;
0;4713001;
0;4713001;
4712100;0;4711302;4713001;
0;4713001;
0;
0;9601701;4713001;
0;4713001;
0;4713001;
0;8512100;4713001;
0;4713001;
0;9601701;4713001;
0;4753900;4713001;
4713001;
0;86;4713001;
0;4713001;
0;4713001;
0;4713001;
0;9602501;4713001;
5510801;4713001;0;
0;9602501;4713001;
0;4713001;
0;4713001;
4713001;
0;4713001;
4713001;
9491000;4713001;0;
0;4713001;
0;4713001;
0;4713001;
0;4713001;
4713001;
0;4036619;64;4713001;
0;8424800;4713001;
0;4713001;
0;4713001;
4713001;
0;6911701;4713001;
4713001;
0;4713001;
4712100;0;4711302;4713001;
0;8411600;4713001;
4713001;
0;4781400;4713001;
0;4321500;4713001;
0;9700500;4713001;
5611201;4713001;4712100;0;
5611201;4713001;4712100;0;
5611201;4713001;4712100;0;
0;4713001;
0;4713001;
0;4713001;
0;4713001;
4713001;
4713001;
0;4713001;
0;4713001;
0;8512100;4713001;
0;4713001;
0;
6821801;4713001;0;
4713001;
0;4713001;
0;4713001;
4713001;
0;4713001;
0;8512100;4713001;
0;4713001;
0;4623106;4713001;
0;4713001;
4712100;0;4713001;
0;86;9313100;4713001;
0;4713001;
0;4713001;
6821801;4713001;0;
0;4713001;
0;4713001;
0;8512100;4713001;
0;4713001;7911200;
0;4713001;4783101;
0;64;5310501;4713001;
4713001;
0;4713001;
0;4713001;
0;4713001;
0;4789003;4713001;
0;4713001;
0;4713001;
0;4713001;
0;4713001;4782201;
4713001;
0;4713001;
0;4713001;
0;6822600;4713001;
0;86;4713001;
0;4713001;
0;4713001;
4713001;
0;4713001;
0;4713001;
0;4731800;4713001;
0;4713001;
4713001;
0;4713001;
0;9602501;4713001;
4713001;5590699;9700500;0;4321500;
4511102;0;4713001;
0;4713001;
4713001;
8630503;4713001;86;0;
0;4713001;
0;4713001;
4713001;
0;4713001;
0;8610101;4713001;
5611201;4713001;4712100;0;
4713001;
0;4036619;64;4713001;
0;4713001;
0;
4712100;4713001;0;
0;9700500;4713001;
0;4713001;
0;4713001;
9491000;4713001;0;
0;4520005;4713001;
4712100;0;4713001;
4713001;
9491000;4713001;0;
0;9602501;4713001;
0;4761001;4713001;
0;4713001;
0;
0;8512100;4713001;
4713001;
6821801;4713001;0;
0;4713001;
5611201;4713001;4712100;0;
4713001;
4713001;
0;4713001;
0;4713001;
4713001;
0;9602501;4713001;
0;4713001;
0;4713001;
0;4713001;7911200;
0;86;9313100;4713001;
0;9602501;4713001;
0;4713001;
4713001;
0;8512100;4713001;
0;4713001;
0;4713001;
4771701;86;0;4713001;
0;4520001;4713001;
0;4713001;
0;4713001;
4713001;
0;4713001;
0;4713001;
4713001;
0;4713001;
0;4713001;
4713001;
0;4781400;4713001;
0;6911701;4713001;
0;4713001;
0;86;4713001;
0;4713001;
0;4713001;
9491000;4713001;0;
9491000;4713001;0;
0;4713001;
6821801;4713001;0;
4712100;5611203;4713001;0;
4713001;
0;5211799;4713001;
0;4520005;4713001;
0;4713001;
0;4713001;
4713001;
0;4713001;
0;4713001;
0;4713001;
0;86;4713001;
4713001;
4713001;
0;4713001;
6821801;4713001;0;
4713001;
0;6920601;64;4713001;
0;4713001;
0;8512100;4713001;
0;4036619;64;4713001;
0;4036619;64;4713001;
0;86;9313100;4713001;
0;9602501;4713001;
0;4713001;
0;4713001;86;8630504;
0;4713001;
0;9602501;4713001;
0;4713001;
0;86;4713001;
4712100;0;4713001;
8630503;4713001;86;0;
4712100;0;4713001;
0;4713001;
0;9602501;4713001;
0;4713001;
0;4713001;
0;4713001;
0;4713001;
9609208;0;4713001;
4713001;
9609208;0;4713001;
4712100;4713001;0;1091102;
4713001;
0;4713001;
0;4713001;
0;4713001;
0;4713001;
0;4713001;
0;4713001;
0;4713001;
0;4713001;
0;4713001;
4744099;0;4713001;
0;4713001;
5611201;4713001;4712100;0;
0;4713001;
0;7711000;4713001;
0;4713001;
0;4713001;
0;4713001;
0;4713001;
0;4713001;
4713001;
0;4713001;
0;4753900;4713001;
0;4713001;
0;4713001;
0;4781400;4713001;
9491000;4713001;0;
4713001;
0;4713001;
0;4713001;
0;
0;4713001;
0;8512100;4713001;
9491000;4713001;0;
0;8512100;4713001;
0;4713001;86;8630504;
0;4713001;
0;86;4713001;
4713001;
4713001;
0;64;5310501;4713001;
0;4713001;
4712100;9321200;0;4713001;
0;8610101;4713001;
0;4713001;
0;4713001;
0;4713001;
5590699;4713001;0;
4713001;
0;8512100;4713001;
4713001;
0;4713001;
0;4713001;
4712100;0;4713001;
5611201;4713001;4712100;0;
9609208;0;4713001;
4713001;
0;4713001;
0;4713001;
0;4713001;
0;4713001;
0;4713001;
0;4713001;
4713001;
0;64;4713001;
0;4713001;7911200;
0;4713001;
0;4781400;4713001;
0;4713001;
6821801;4713001;0;
0;4713001;86;8630504;
4713001;
6821801;4713001;0;
0;4713001;86;8630504;
0;4713001;
0;4713001;
0;9700500;3101200;4713001;
0;9700500;4713001;
0;4713001;
0;4713001;
0;4713001;
9491000;4713001;0;
0;4713001;
0;4713001;
4712100;4713001;0;
0;9602501;4713001;
5611201;4713001;4712100;0;
4712100;0;4713001;
0;4713001;
4713001;
0;4713001;
0;4713001;
0;4321500;4713001;
0;4713001;
0;4713001;
0;4713001;
0;4713001;
4713001;
0;4713001;
0;9700500;3101200;4713001;
0;4713001;
4713001;
0;4713001;
0;4713001;
0;
4713001;
0;4713001;
4713001;
0;4713001;
4713001;
0;4713001;
0;4713001;4783101;
0;4713001;
0;86;4713001;
4713001;
4713001;4036619;0;64;6421200;
0;4713001;
0;4713001;
0;4713001;4782201;
0;4713001;
4713001;
0;4713001;
0;4713001;
0;4713001;
0;4713001;
0;4713001;
0;4713001;
0;4713001;
4713001;
0;86;4713001;
0;86;4713001;
0;6920601;64;4713001;
0;4713001;
0;4713001;7911200;
0;4713001;
5611201;4713001;4712100;0;
4712100;4729602;0;4713001;
0;86;4713001;
0;4713001;
0;4713001;
4713001;
4713001;
0;4713001;
0;4713001;
0;4713001;
0;4713001;
0;86;4713001;
0;86;4713001;
0;4713001;4520001;
0;4761001;4713001;
0;4713001;
0;4713001;
0;4713001;
0;4761001;4713001;
4713001;
9491000;4713001;0;
9491000;4713001;0;
0;4713001;
0;4713001;
4713001;
0;4713001;
0;4713001;
0;4713001;
4713001;
0;4713001;86;8630504;
0;8512100;4713001;
4713001;
0;4713001;
4713001;
0;4713001;
0;4713001;
4713001;
4712100;0;4711302;4713001;
0;4623106;4713001;
0;4713001;
0;4781400;4713001;
0;4713001;
0;4713001;
0;4713001;
0;4713001;
0;9602501;4713001;
4713001;
4713001;
0;4731800;4713001;
4713001;
0;
9491000;4713001;0;
0;4713001;
0;86;4713001;
0;8512100;4713001;
0;4713001;
0;4753900;4713001;
0;471300