0;4713001;
0;4713001;
0;4713001;
0;4713001;
0;4713001;
0;4713001;
0;4713001;
0;4713001;
4713001;
4713001;
4713001;
4713001;
4713001;
4713001;
0;4713001;
4713001;
4713001;
4713001;
4713001;
4713001;
0;4713001;
4713001;
0;4713001;
0;4713001;8531700;
0;8512100;4713001;
0;8512100;4713001;
0;8531700;4713001;
6821801;4713001;0;
6911701;6920601;4713001;0;64;
0;4761001;4713001;
0;4713001;
0;4713001;
9491000;4713001;0;
4713001;
4713001;
0;4713001;
5611201;4713001;4712100;0;
0;9700500;3101200;4713001;
0;4713001;
0;9700500;3101200;4713001;
0;4713001;
0;4713001;
0;4713001;
4713001;
0;4713001;
0;4713001;
0;4713001;
0;4713001;
0;4781400;4713001;
4712100;4713001;0;1091102;
4713001;
0;86;4713001;
0;9601701;4713001;
5611201;4713001;4712100;0;
0;4321500;4713001;
6821801;4713001;0;
4712100;4713001;0;
0;4713001;
0;4321500;4713001;
0;4713001;9529102;
0;4713001;9529102;
0;4713001;4782201;
0;4713001;
0;4713001;
8630503;4713001;86;0;
0;5223100;4713001;
0;4781400;4713001;
6821801;4713001;0;
5611201;4713001;4712100;0;
4713001;
9900800;4713001;0;
4712100;4713001;0;
8630503;4713001;86;0;
8630503;4713001;86;0;
0;86;4713001;
0;4713001;
0;4713001;86;8630504;
4713001;8630503;0;8630504;86;
0;4713001;86;8630504;
8630503;4713001;86;0;
4713001;8630503;0;8630504;86;
8630503;4713001;86;0;
0;86;6512000;4713001;
0;4713001;
8630503;4713001;86;0;
4712100;4729602;0;4713001;
8630503;4713001;86;0;
4712100;5611203;4713001;0;
8630503;4713001;86;0;
8630503;4713001;86;0;
0;4713001;
0;8512100;4713001;
0;8512100;4713001;
0;4753900;4713001;
4713001;
0;4713001;
0;4713001;
0;4713001;
0;4713001;
9491000;4713001;0;
4713001;
0;4713001;
0;8512100;4713001;
0;4713001;
4713001;4036619;0;64;6421200;
0;8512100;4713001;
5611201;4713001;4712100;0;
0;4713001;
0;4713001;
0;4713001;
4713001;
0;4713001;
0;4713001;
4713001;
0;4713001;
0;86;4713001;
0;4713001;
0;86;4713001;
0;4713001;
0;86;4713001;
0;4713001;
5590699;4713001;0;
0;4713001;
0;4713001;4782201;
4713001;
0;4713001;
4713001;
4713001;
0;4713001;
0;4713001;
4713001;
4713001;
0;86;4713001;
0;4713001;
0;4713001;
4713001;
0;4713001;
0;4713001;
0;86;4713001;
0;4713001;
0;8512100;4713001;
0;4713001;
4712100;4713001;0;1091102;
0;4713001;
0;9601701;4713001;
4712100;0;4713001;
0;4713001;
0;86;4713001;
4713001;
0;4713001;
0;86;4713001;
4713001;
0;4713001;
0;4713001;
0;4713001;
0;64;4713001;
0;4713001;
0;4713001;
0;4713001;
0;4713001;
0;4713001;
0;4713001;
0;4713001;
0;4753900;4713001;
0;4713001;
4713001;
6821801;4713001;0;
0;4713001;
4713001;
8630503;4713001;86;0;
0;4713001;
0;4713001;
6821801;4713001;0;
0;4713001;
0;4713001;
0;4713001;
0;9700500;3101200;4713001;
0;4713001;
8630503;4713001;86;0;
0;4713001;
0;4713001;
0;4713001;
0;4713001;
0;8512100;4713001;
4713001;
0;86;9313100;4713001;
0;4713001;
0;4753900;4713001;
0;4713001;
0;4753900;4713001;
0;4713001;
0;5223100;4713001;
4712100;0;4711302;4713001;
0;86;6512000;4713001;
0;4713001;
0;4713001;
4713001;
4713001;
0;4713001;
0;9700500;4713001;
4713001;
0;4731800;4713001;4520001;
0;4731800;4713001;
0;4713001;
0;4713001;
4713001;
0;4713001;
4712100;4713001;0;1091102;
0;86;9313100;4713001;
0;6512000;4713001;
4713001;
0;4713001;
0;4713001;
0;4713001;
6911701;6920601;4713001;0;64;
0;4761001;4713001;
0;4713001;
5611201;4713001;4712100;0;
0;4713001;
9491000;4713001;8512100;0;
0;4713001;
0;4713001;
4713001;
4713001;
0;86;4713001;
0;86;4713001;
0;4713001;
0;4713001;
0;4713001;
0;86;4713001;
0;86;4713001;
0;4713001;
0;4713001;
0;4713001;
0;4713001;
4713001;4036619;0;64;6421200;
0;9601701;4713001;
0;4713001;
0;4713001;4782201;
0;4321500;4713001;
6821801;4713001;0;
4712100;4713001;0;
0;4713001;
0;4321500;4713001;
0;4713001;9529102;
0;4713001;9529102;
0;4713001;4782201;
0;4713001;
0;4713001;
8630503;4713001;86;0;
9609208;0;4713001;
0;7500100;4713001;
0;4713001;
4713001;
0;4713001;
0;4713001;
0;86;4713001;
4712100;0;4713001;
4713001;
4712100;4713001;0;
0;8512100;4713001;
0;4713001;
0;8512100;4713001;
0;4713001;
0;4713001;
4713001;
0;4713001;
0;4713001;
4713001;
0;4713001;
0;86;4713001;
0;4713001;
0;4713001;
4713001;
0;4713001;
0;4713001;
0;4713001;
0;4713001;
0;4713001;
0;4713001;
0;4713001;
0;4713001;
0;4713001;
0;4713001;
0;4713001;
0;4713001;
4713001;
0;9102301;4713001;
0;4713001;
0;8512100;4713001;
0;4713001;
0;4713001;
4713001;
0;4713001;
0;64;4713001;
0;4713001;
6821801;4713001;0;
0;4713001;
0;4713001;
0;8512100;4713001;
0;4713001;
0;4713001;
4713001;
0;6512000;4713001;
4713001;
0;86;4713001;
4713001;
0;86;4713001;
0;4713001;
0;4713001;
0;4713001;
0;4713001;
4713001;
0;4713001;
9609208;0;4713001;
9609208;0;4713001;
0;86;4713001;
0;8512100;4713001;
4713001;
5611201;4713001;4712100;0;
0;4713001;
0;4713001;
4712100;4713001;0;1091102;
0;4781400;4713001;
0;86;4713001;
6821801;4713001;0;
0;86;4713001;
0;86;4713001;
4713001;
0;8512100;4713001;
0;4713001;
5590699;4713001;0;
0;4713001;
0;4713001;
0;4713001;
0;4713001;
4771701;86;0;4713001;
4713001;
4713001;
0;4713001;
0;4789003;4713001;
4712100;4713001;0;
5611201;4713001;4712100;0;
4713001;
0;5611202;4713001;
4713001;
0;4713001;
4713001;
0;4713001;
4713001;
0;4713001;
4713001;
0;4713001;
0;4713001;
0;4713001;
0;4713001;
0;4713001;
0;4713001;
4713001;4036619;0;64;6421200;
0;4713001;
4712100;0;4713001;
0;4713001;
0;7500100;4713001;
4713001;
0;4713001;
4713001;
0;4713001;
0;4713001;
0;4713001;
0;4713001;
4713001;
0;4713001;
0;4713001;
0;4713001;
0;4713001;
0;4713001;
0;4713001;
0;4713001;
4713001;
0;4713001;
0;4713001;
4713001;
0;4713001;
0;4713001;
0;6512000;4713001;
4713001;
0;4713001;
0;86;4713001;
0;86;4713001;
0;4713001;
0;4713001;
0;4713001;
0;4753900;4713001;
0;4713001;
0;4713001;
0;4713001;
4713001;
0;4713001;
0;4713001;
0;86;4713001;
0;64;4713001;
0;6911701;4713001;
6821801;4713001;0;
9313100;4713001;0;86;8512100;
0;6920601;64;4713001;
0;4713001;
4713001;
0;4713001;
0;4713001;7911200;
0;64;6421200;4713001;
0;6512000;4713001;
0;4713001;
0;4713001;
0;4713001;
0;4713001;
5611201;4713001;4712100;0;
4712100;4713001;0;
6821801;4713001;64;0;
0;4713001;
0;4713001;
0;4713001;
0;9700500;4713001;
4712100;4713001;0;
4713001;
0;4713001;
0;4713001;
4713001;
0;4713001;
0;8512100;4713001;
4713001;
0;86;9313100;4713001;
0;4713001;
0;86;4713001;
0;4713001;
0;4713001;
0;4713001;
0;4713001;
5611201;4713001;4712100;0;
4744099;0;4713001;
0;4713001;
0;9601701;4713001;
5611201;4713001;4712100;0;
4713001;
0;4713001;
0;4713001;
0;4713001;
4713001;
0;4713001;
0;4713001;
0;4713001;
0;4713001;
0;9102301;4713001;
0;9102301;4713001;
0;4713001;
0;9102301;4713001;
0;4713001;
0;4713001;
0;8512100;4713001;
5590699;4713001;0;
0;4713001;
0;4713001;
0;4713001;
0;4713001;
0;4713001;
0;4713001;
0;4713001;
0;4713001;
0;4713001;
4713001;
4713001;
0;4713001;
0;4713001;
0;4713001;
0;6512000;4713001;
0;4713001;
0;4713001;
0;4713001;
0;4713001;
0;86;9313100;4713001;
0;4713001;
0;4713001;
0;4713001;
0;4713001;
0;4713001;
0;4713001;
0;86;4713001;
0;4713001;
0;4713001;
0;4713001;
0;4713001;
0;86;4713001;
0;86;4713001;
8630503;4713001;86;0;
0;4713001;
0;4713001;
0;6512000;4713001;
0;86;4713001;
0;4713001;86;8630504;
0;6512000;4713001;
9313100;4713001;0;86;8512100;
0;4713001;
0;4713001;
0;4713001;
0;4713001;
0;64;6421200;4713001;
0;4713001;
4713001;
0;4713001;
4713001;
0;4713001;
0;4713001;
0;4713001;
0;5914600;4713001;
9491000;4713001;0;
0;6512000;4713001;
0;4713001;
0;4713001;
0;4713001;
4713001;
0;4713001;
6821801;4713001;0;
4713001;
0;4713001;
0;4713001;
0;8512100;4713001;
0;4713001;
4713001;
0;4713001;
0;8512100;4713001;
0;4713001;
4713001;
0;4713001;
0;4713001;
0;4713001;
0;4713001;
0;4713001;86;8630504;
0;4713001;
0;4713001;
0;6920601;64;4713001;
0;4713001;4520001;
0;86;4713001;
0;4713001;
0;8512100;4713001;
0;4713001;
4713001;
0;4713001;
0;4713001;
0;9700500;3101200;4713001;
0;4713001;
4713001;
4713001;
0;4713001;
5611201;4713001;4712100;0;
5611201;0;4712100;4713001;
4712100;0;4723700;4713001;
0;4713001;
4713001;
0;4713001;
0;4713001;
0;4713001;
0;4713001;
4713001;
4713001;
0;4713001;
4713001;
4713001;
0;4713001;
4713001;
4713001;
0;4713001;
0;4713001;
0;4713001;
4713001;
4713001;
4713001;
4713001;
0;4713001;
0;4713001;
0;5611202;4713001;
4712100;0;4713001;
4712100;0;4711302;4713001;
4712100;0;4713001;
0;4713001;
0;4781400;4713001;
0;4713001;
0;4781400;4713001;
0;4713001;
0;4713001;
0;4761001;4713001;
4712100;0;4713001;
0;4713001;
0;4713001;
0;9102301;4713001;
0;4713001;
0;4713001;
4713001;
4713001;
0;4713001;
4713001;
0;4713001;
0;9700500;4713001;
0;4713001;
0;4713001;
0;4713001;
0;4713001;
5510801;0;9602501;4713001;
0;4713001;86;8630504;
4771701;86;0;4713001;
8630503;4713001;86;0;
0;4713001;86;8630504;
0;4713001;
0;4713001;86;8630504;
0;4713001;86;8630504;
0;4713001;
5611201;4713001;4712100;0;
5611201;4713001;4712100;0;
0;4713001;
5611201;4713001;4712100;0;
0;4713001;
5611201;4713001;4712100;0;
6821801;4713001;0;
4713001;
0;4713001;
0;4713001;
4713001;
0;4713001;
86;4713001;8610101;0;
0;4713001;
0;4713001;
0;4713001;
0;4713001;
0;4713001;
4713001;
0;9602501;4713001;
5611201;4713001;4712100;0;
0;4713001;
0;4713001;
0;9602501;4713001;
0;8512100;4713001;
0;86;4713001;
6821801;4713001;0;
0;4713001;
5611201;4713001;4712100;0;
4713001;
0;4713001;
4713001;
0;4713001;
0;4713001;
0;4713001;
0;4713001;
0;4753900;4713001;
0;4713001;
4713001;
4713001;
4712100;4729602;0;4713001;
4713001;
0;4713001;
0;4713001;
4713001;
4713001;
0;6512000;4713001;
0;4713001;
0;86;4713001;
0;86;4713001;
4713001;
0;4713001;
0;8424800;4713001;
0;8424800;4713001;
4713001;
0;64;4713001;
0;64;4713001;
4713001;
0;4713001;
0;8512100;4713001;
0;4713001;
5590699;4713001;0;
0;4713001;
0;4713001;
0;4713001;
0;4781400;4713001;
4713001;
0;4713001;
0;4713001;
0;4713001;86;8630504;
0;4713001;
0;4713001;
0;4713001;
4713001;
0;86;4713001;
0;4713001;
9491000;4713001;0;
4713001;
0;8512100;4713001;
0;4713001;
0;4713001;
4713001;
4713001;
0;4713001;
4713001;
4713001;
4712100;0;4713001;
0;4713001;
0;8512100;4713001;
0;4713001;4782201;
0;8512100;4713001;
0;4713001;
0;4713001;
0;4761001;4713001;
4713001;
6821801;4713001;0;
0;4713001;
0;4713001;
6821801;4713001;0;
0;4713001;
0;4781400;4713001;
0;4713001;
0;4713001;86;8630504;
0;4713001;
0;4713001;
0;4713001;
4713001;
0;4713001;
0;4713001;
4713001;4036619;0;64;6421200;
0;86;4713001;
0;4713001;
0;9602501;4713001;
0;4713001;
0;4713001;
0;4713001;
4713001;
0;4713001;
0;64;4713001;
0;4713001;
5611201;4713001;4712100;0;
0;4713001;
0;6920601;64;4713001;
0;9700500;3101200;4713001;
0;4761001;4713001;
5611201;4713001;4712100;0;
0;4713001;
0;4713001;
4712100;4713001;0;
86;4713001;8610101;0;
0;4731800;4713001;
0;4731800;4713001;
0;4713001;
0;4713001;
4713001;
4713001;
4713001;
4713001;
0;4713001;
0;4753900;4713001;
0;64;4713001;
0;4713001;
0;4713001;
6821801;4713001;0;
0;4713001;
0;4713001;
0;4713001;
0;4713001;
0;4713001;4712100;1091102;5611201;
0;4713001;
0;4713001;
0;9700500;4713001;
0;9602501;4713001;
0;4713001;
0;4713001;86;8630504;
0;4713001;
0;9700500;4713001;
0;9602501;4713001;
0;4713001;
0;4713001;
0;4713001;
5510801;0;9602501;4713001;
4771701;86;0;4713001;
0;5611202;4713001;
0;4713001;
0;4713001;
4330404;4713001;9700500;0;
4713001;
0;6512000;4713001;
0;4713001;
0;6512000;4713001;
0;4713001;
0;4713001;
0;86;4713001;
4713001;
4713001;
0;4713001;4520001;
0;4713001;
0;4713001;
0;4713001;
5590699;4713001;0;
5590699;4713001;0;
0;4713001;
0;9601701;4713001;
0;64;4713001;
4713001;
0;64;4713001;
0;64;4713001;
4713001;
4713001;
0;4713001;
0;4713001;
0;86;4713001;
0;4713001;
0;4713001;
4713001;
0;4713001;
0;4713001;
9491000;4713001;0;
0;4713001;4520001;
0;86;9313100;4713001;
9491000;4713001;0;
0;4713001;
0;4713001;4520001;
5611201;4713001;4712100;0;
4713001;
4713001;
4713001;
0;4713001;
0;4713001;
4713001;
0;8512100;4713001;
0;4713001;
0;4713001;
0;4713001;4520001;
0;4713001;
0;4713001;
0;4713001;
0;4713001;
4713001;
4713001;
0;4713001;
4713001;
0;4713001;
0;8512100;4713001;
0;8610101;4713001;
0;4713001;
0;4713001;
0;4713001;
0;9602501;4713001;
0;4713001;
0;86;4713001;
4712100;4713001;0;
6821801;4713001;0;
4712100;0;4711302;4713001;
0;86;4713001;
0;4713001;
0;4713001;
4713001;
4713001;
0;4713001;
4713001;4036619;0;64;6421200;
0;4713001;
0;4713001;
0;4713001;
0;4713001;
4713001;
4713001;
0;4713001;
0;8610101;4713001;
0;9700500;3101200;4713001;
0;4761001;4713001;
5611201;4713001;4712100;0;
0;4713001;
0;64;6421200;4713001;
0;86;9313100;4713001;
0;4713001;
4712100;4713001;0;
4712100;0;4713001;
0;64;5310501;4713001;
0;4731800;4713001;
0;4713001;
0;86;4713001;
0;4713001;
86;4713001;8610101;0;
0;86;9313100;4713001;
0;86;4713001;
0;4713001;
0;4713001;
4713001;
0;6512000;4713001;
0;4713001;
0;64;6421200;4713001;
0;86;4713001;
0;4713001;
0;4713001;
0;7711000;4713001;
0;4789003;4713001;
0;86;4713001;
0;4713001;
0;4713001;
4713001;
0;4713001;
0;4713001;
0;86;4713001;
4713001;4036619;0;64;6421200;
0;4713001;
0;4713001;
0;4713001;
0;4713001;
0;4713001;
0;4713001;
0;64;6421200;4713001;
0;4713001;
4713001;
4713001;
4713001;
4713001;
0;4713001;
0;4753900;4713001;
0;64;4713001;
0;4713001;
0;4713001;
4713001;
0;4753900;4713001;
0;64;4713001;
0;4713001;
0;6911701;4713001;
0;4713001;
0;4713001;86;8630504;
4713001;4036619;0;64;6421200;
4713001;4036619;0;64;6421200;
4713001;
0;6911701;4713001;
0;4713001;
0;4713001;
0;4713001;
0;4713001;
0;64;6421200;4713001;
0;4713001;
0;4713001;
0;9602501;4713001;
0;4713001;
4713001;4036619;0;64;6421200;
0;64;4713001;
0;4713001;
0;4781400;4713001;
0;4713001;
0;4713001;
0;4781400;4713001;
0;4781400;4713001;
0;4781400;4713001;
0;4713001;
0;4713001;
0;4713001;
6821801;4713001;0;
0;9700500;3101200;4713001;
0;4781400;4713001;
0;5611202;4713001;
5611201;4713001;4712100;0;
6821801;4713001;0;
0;4713001;
0;4713001;
0;4713001;
0;4713001;
0;4713001;
4713001;
0;4713001;
0;4713001;
0;4713001;8531700;
0;64;4713001;
4713001;
0;9102301;4713001;
0;4713001;
0;4713001;
4330404;4713001;9700500;0;
0;4713001;
0;4713001;
5590699;4713001;0;
0;4713001;
0;4713001;
5590699;4713001;0;
0;4713001;
5611201;4713001;4712100;0;
0;4713001;
0;86;6512000;4713001;
0;4713001;
0;86;9313100;4713001;
4713001;
6821801;4713001;0;
0;4713001;
0;86;4713001;
4712100;86;0;4713001;
0;4713001;
0;4713001;
0;4713001;
0;4713001;
4713001;
0;64;4713001;
4713001;
0;4713001;
0;4713001;
0;9601701;4713001;
0;86;9313100;4713001;
0;8512100;4713001;
0;4713001;
4713001;
0;4713001;
0;4713001;
9491000;4713001;0;
0;4713001;
9491000;4713001;0;
0;9602501;4713001;
0;4713001;
5611201;4713001;4712100;0;
5611201;4713001;4712100;0;
0;4713001;
0;4713001;
4713001;
0;4713001;
0;4520005;4713001;4520001;
0;4713001;
0;4781400;4713001;
0;4713001;
4713001;
0;8512100;4713001;
4713001;
9491000;4713001;0;
0;4713001;
4713001;
0;4713001;
4713001;
0;4713001;
4713001;
0;8512100;4713001;
0;4713001;
0;4713001;
0;4713001;
0;9601701;4713001;
0;4713001;
0;4713001;
0;4713001;
4713001;
0;4713001;
0;8512100;4713001;
0;4713001;
0;4713001;
4713001;
4713001;
0;4713001;
0;4713001;
0;4713001;
0;4713001;
0;4623106;4713001;
4713001;
0;4713001;
4713001;
4712100;4713001;0;
4713001;
4511102;0;4713001;
0;64;6421200;4713001;
0;64;5310501;4713001;
0;4731800;4713001;
0;4713001;
0;4036619;64;4713001;
0;86;4713001;
4771701;86;0;4713001;
0;4713001;
0;4713001;
0;4713001;
0;4713001;
0;4713001;
4511102;0;4713001;
0;7711000;4713001;
4713001;
0;4713001;
0;4789003;4713001;
0;86;4713001;
0;4713001;
0;4713001;
4713001;
0;4713001;
0;4713001;
0;86;4713001;
0;86;4713001;
0;4713001;
0;86;4713001;
0;8512100;4713001;
0;86;4713001;
0;86;4713001;
0;4713001;
0;86;4713001;
0;4713001;
0;4713001;
4713001;
0;4713001;
0;4713001;
0;6512000;4713001;
0;4713001;
0;4713001;
0;4713001;
4713001;4036619;0;64;6421200;
0;4713001;
0;4713001;
4713001;
0;4713001;
4713001;
4713001;4036619;0;64;6421200;
0;9601701;4713001;
0;4713001;4782201;
0;4713001;7911200;
0;4713001;
0;4713001;7911200;
0;4713001;
0;4781400;4713001;
5611201;4713001;4712100;0;
0;7500100;4713001;
0;4713001;
5611201;4713001;4712100;0;
0;4713001;
0;4713001;
0;4713001;
0;4713001;
4713001;
4713001;
0;9101500;4713001;
0;4713001;
0;9101500;4713001;
0;9102301;4713001;
0;4713001;
4713001;
0;4713001;
0;4713001;
4713001;
0;4713001;
0;4713001;
0;4713001;
0;4713001;
0;4713001;
0;4713001;
0;4713001;
0;4713001;
0;86;4713001;
0;4713001;
0;4713001;
0;4713001;
0;4713001;
0;4713001;
0;4713001;
4713001;
4713001;
4713001;
4713001;
4713001;
0;7500100;4713001;
4713001;
0;4713001;
0;4713001;
0;4713001;
0;4713001;
0;4713001;
0;4713001;
0;4713001;
0;86;4713001;
0;4713001;
0;9601701;4713001;
0;4713001;
0;4713001;
0;9602501;4713001;
0;4713001;
0;4713001;
0;86;4713001;
0;4713001;
0;7500100;4713001;
4713001;8630503;0;8630504;86;
4713001;
0;9602501;4713001;
4713001;
4713001;
0;4713001;
4713001;
0;4713001;
0;4713001;
4713001;
4713001;
0;86;4713001;
0;86;4713001;
0;86;4713001;
0;4713001;86;8630504;
0;86;4713001;
0;4713001;
0;4713001;
0;4713001;
0;4713001;
9491000;4713001;0;
4713001;
4713001;
0;8512100;4713001;
4713001;
0;4713001;
0;4713001;
0;4713001;
0;4713001;
0;4713001;
0;4713001;
4712100;4729602;0;4713001;
0;4713001;
0;4713001;
0;4713001;
0;4713001;
0;4713001;
0;86;4713001;
0;4713001;
0;4713001;
0;4713001;
0;4713001;
0;9601701;4713001;
0;4713001;
9491000;4713001;0;
0;4713001;
4713001;
0;4713001;
0;4713001;
0;86;4713001;
4712100;0;4713001;
0;4713001;
4713001;
0;4713001;
0;4713001;
0;4713001;
5590699;4713001;0;
4713001;
4713001;
0;4713001;
4713001;4036619;0;64;6421200;
0;4713001;
4713001;
0;4713001;
4713001;
0;4713001;
4712100;0;4711302;4713001;
0;4713001;
0;4713001;4520001;
0;4713001;
0;4713001;
0;8512100;4713001;
4713001;
0;4713001;
0;4713001;
0;4713001;
4771701;86;0;4713001;
4713001;
0;4713001;
0;4713001;
0;86;4713001;
4712100;5611203;4713001;0;
0;8411600;4713001;
0;9602501;4713001;
0;86;4713001;
0;4713001;
0;4713001;
0;4713001;
0;64;4713001;
0;6512000;4713001;
4713001;
0;4713001;
4713001;4036619;0;64;6421200;
0;9602501;4713001;
4713001;
4713001;
0;4713001;
4713001;
4713001;4036619;0;64;6421200;
4713001;4036619;0;64;6421200;
0;4713001;
0;4623106;4713001;
0;4713001;
0;4713001;
0;4713001;4782201;
0;86;4713001;
0;4781400;4713001;
0;4713001;
0;9602501;4713001;
0;4713001;
4713001;
0;4713001;
0;4713001;
0;4713001;
4713001;
0;4713001;
0;4713001;8531700;
0;4713001;8531700;
5590699;4713001;0;
0;4713001;
0;4713001;
0;4713001;
4713001;
0;4713001;
4713001;
0;4713001;
0;4713001;
0;4713001;
4713001;
0;4713001;
0;86;4713001;
86;4713001;8610101;0;
0;4713001;
0;86;4713001;
4713001;
0;4713001;
4713001;
0;4713001;
5590699;4713001;0;
0;4713001;
4712100;0;4713001;
4712100;0;4713001;
0;4713001;
0;7500100;4713001;
0;86;9313100;4713001;
4713001;
0;4713001;
8630503;4713001;86;0;
4713001;
0;4713001;
0;64;6421200;4713001;
4713001;
0;4713001;86;8630504;
0;86;4713001;
0;9602501;4713001;
0;4713001;86;8630504;
4713001;
4713001;
4713001;
4713001;
4713001;
4713001;
4713001;
4713001;
4713001;
4713001;
4713001;
4713001;
4713001;
4713001;
4713001;
0;4713001;
4713001;
0;4713001;
0;4713001;
4713001;
4713001;4036619;0;64;6421200;
0;4713001;
0;4713001;
0;4713001;
4713001;
8630503;4713001;86;0;
0;4713001;86;8630504;
0;86;4713001;
8630503;4713001;86;0;
0;86;4713001;
0;86;4713001;
0;86;4713001;
0;4713001;86;8630504;
0;8512100;4713001;
0;4713001;
0;4713001;
4713001;
0;4713001;
0;4713001;
0;86;4713001;
4713001;
0;4713001;
4713001;
0;4713001;
0;4713001;
0;4713001;
0;4520005;4713001;
9491000;4713001;0;
0;4713001;
4713001;
0;4713001;
0;4713001;
0;4713001;
0;4713001;4520001;
0;4713001;4520001;
0;4713001;4520001;
0;4713001;4520001;
0;4713001;4520001;
0;4713001;4520001;
0;4713001;
4712100;0;4711302;4713001;
0;4713001;
4712100;4713001;0;1091102;
4713001;
4712100;4713001;0;
0;4713001;
4713001;
0;4713001;
0;4713001;
0;4713001;
4713001;
0;4713001;
0;86;4713001;
4713001;4036619;0;64;6421200;
4713001;4036619;0;64;6421200;
0;4713001;
4713001;4036619;0;64;6421200;
0;4713001;
4713001;
0;4713001;
0;4713001;
4713001;
8630503;4713001;86;0;
0;9601701;4713001;
0;4713001;
4713001;
4713001;
4713001;
0;4713001;
4713001;
0;4713001;
4713001;
4713001;9700500;0;3101200;86;
0;4713001;
0;4713001;
0;4713001;
0;86;4713001;
0;4713001;
4713001;
0;4713001;
0;64;6421200;4713001;
0;4713001;
0;64;6421200;4713001;
4713001;
0;4713001;
0;4713001;
4771701;86;0;4713001;
0;4713001;
0;4713001;
0;6911701;4713001;
0;4713001;
0;4713001;
0;4713001;
0;4713001;
0;4713001;
0;4761001;4713001;
4713001;
0;4713001;
0;8512100;4713001;
4713001;
0;86;4713001;
0;4713001;
0;4713001;
0;4713001;
0;4713001;
0;4713001;
0;9102301;4713001;
4713001;
4713001;
4713001;
0;4713001;
0;4713001;
0;4713001;
0;4713001;
4713001;
0;4713001;
0;4713001;
0;4713001;
4713001;4036619;0;64;6421200;
0;4713001;
0;64;6421200;4713001;
4713001;
0;4713001;
0;86;4713001;
0;4713001;
0;4713001;
0;4713001;86;8630504;
0;4713001;
0;86;4713001;
0;4713001;
0;4713001;
0;9700500;4713001;
0;4713001;
0;4713001;
4713001;
0;64;4713001;
0;86;4713001;
0;4713001;
4712100;4713001;0;
0;86;4713001;
0;64;5310501;4713001;
0;4753900;4713001;
0;86;4713001;
0;86;4713001;
0;9700500;4713001;
0;4713001;
4713001;
0;4713001;
0;4713001;9603301;
0;4713001;
0;4713001;
4713001;
0;4713001;
0;4713001;
4713001;
9491000;4713001;0;
0;4713001;
0;4713001;
0;4713001;
4713001;
0;4713001;
0;64;4713001;
0;4713001;
0;4713001;4782201;
4713001;4036619;0;64;6421200;
4713001;4036619;0;64;6421200;
0;4713001;
0;4713001;
4713001;
4713001;
4713001;
0;86;9313100;4713001;
9609208;0;4713001;
0;4781400;4713001;
0;4713001;
4713001;
4713001;
0;4713001;
0;4713001;
0;4713001;
4713001;
4713001;
4713001;
0;4713001;
4713001;
0;4713001;
4713001;
4713001;
0;4713001;
4713001;
0;4713001;
0;4713001;
0;4713001;
0;4713001;
0;4713001;
0;9602501;4713001;
0;9602501;4713001;
0;4713001;
0;4713001;
0;4713001;
4511102;0;4713001;
0;86;4713001;
0;4713001;
0;4713001;
0;4713001;
4771701;86;0;4713001;
0;4713001;
0;6512000;4713001;
4712100;4729602;0;4713001;
0;4713001;
0;86;4713001;
4713001;
0;86;4713001;
0;4713001;
4713001;
4713001;
0;4713001;
4713001;
0;4713001;
0;4713001;
5590699;4713001;0;
0;4713001;
0;9700500;3101200;4713001;
0;64;4713001;
0;4713001;
0;86;4713001;
0;4713001;
4713001;4036619;0;64;6421200;
8630503;4713001;86;0;
4713001;
4713001;
4713001;
0;86;4713001;
4713001;
4713001;
4713001;
0;4713001;
0;4713001;
4713001;
0;64;6421200;4713001;
4713001;
0;4713001;86;8630504;
0;4713001;4520001;
0;4713001;86;8630504;
0;4713001;
0;6512000;4713001;
0;4713001;86;8630504;
4771701;86;0;4713001;
0;4713001;
0;86;4713001;
0;86;4713001;
4713001;
0;9700500;4713001;
4713001;
0;4713001;
0;4713001;
0;4713001;
0;4713001;
0;4713001;
0;4713001;
0;4713001;
0;86;4713001;
0;4713001;
0;86;4713001;
0;4713001;
0;4753900;4713001;
0;4713001;
4713001;
0;4713001;
0;4713001;
0;4781400;4713001;
6911701;6920601;4713001;0;64;
0;4713001;
4713001;
0;4713001;
0;4713001;
0;4713001;
0;4713001;
4713001;
0;64;6421200;4713001;
0;86;4713001;
0;4713001;
0;4713001;
0;4713001;
0;4713001;
0;4713001;
0;4781400;4713001;
4771701;86;0;4713001;
0;4781400;4713001;
0;4713001;
4713001;
0;86;9313100;4713001;
0;4713001;
5611201;4713001;4712100;0;
0;86;4713001;
0;4713001;
0;9700500;4713001;
0;4713001;
0;8512100;4713001;
0;4713001;
4511102;7711000;0;4713001;
0;4713001;
0;4713001;
0;4713001;
0;4713001;
0;4713001;
0;4713001;
4713001;
0;4713001;
0;4713001;
0;4713001;
4713001;
0;4713001;
0;4713001;
0;4713001;
0;86;4713001;
4713001;
0;4713001;
0;4713001;
0;6512000;4713001;
0;4713001;
0;4713001;
4712100;0;4713001;
0;4713001;
0;86;4713001;
0;4713001;
0;4713001;
0;6512000;4713001;
0;4713001;
0;4713001;86;8630504;
0;4713001;
0;4713001;86;8630504;
8630503;4713001;86;0;
8630503;4713001;86;0;
8630503;4713001;86;0;
0;4713001;86;8630504;
0;4713001;86;8630504;
0;86;4713001;
0;4713001;86;8630504;
0;4713001;
4713001;
4713001;
4713001;
0;86;4713001;
4713001;
4713001;
4713001;
0;4713001;
0;4713001;
4713001;
4713001;
0;4713001;4520001;
0;4713001;
0;4713001;
0;4713001;
4713001;
0;4713001;
4713001;
4713001;
4712100;4713001;0;
0;4713001;
0;4713001;
0;4713001;
0;4713001;
0;5611202;4713001;
4713001;
5611201;4713001;4712100;0;
0;4713001;
4712100;0;4713001;
0;4713001;
0;4713001;
0;4713001;
0;4713001;
0;4713001;
0;8512100;4713001;
4713001;
0;4713001;
4713001;
0;4713001;
4713001;
0;4713001;
4713001;
0;4713001;
0;4713001;
0;4713001;
4511102;0;4713001;
0;4713001;
0;4713001;
5611201;4713001;4712100;0;
0;4713001;
0;4713001;
4713001;
4713001;
0;4713001;
4713001;
0;4713001;
0;4713001;
4713001;
0;86;4713001;
6821801;4713001;0;
0;4713001;
4713001;
0;4713001;
0;4623106;4713001;
0;86;4713001;
0;4713001;
0;4713001;
0;9602501;4713001;
0;4713001;
0;4713001;
0;4713001;
4712100;0;4713001;
0;4713001;
0;4713001;
0;4713001;
0;4713001;
0;4713001;
0;4781400;4713001;
0;4713001;
4713001;
0;4713001;
4713001;
4713001;
0;4713001;
0;9601701;4713001;
4713001;
4713001;
0;6512000;4713001;
0;86;4713001;
0;4713001;
0;4713001;
0;4713001;
0;4713001;
0;4713001;
0;4713001;
0;86;4713001;
0;86;4713001;
0;86;4713001;
0;86;4713001;
0;86;4713001;
0;4713001;
0;4713001;
0;4713001;
4713001;
0;5611202;4713001;
4713001;
0;5223100;4520005;4713001;
0;86;4713001;
0;4713001;
0;4713001;
0;4713001;
0;86;4713001;
0;4713001;
0;4713001;8531700;
0;8512100;4713001;
4713001;
0;9700500;3101200;4713001;
4713001;
0;4713001;
0;4713001;86;8630504;
8630503;4713001;86;0;
0;4713001;
0;4713001;
0;4713001;
0;4713001;86;8630504;
0;86;4713001;
0;4713001;
0;4713001;86;8630504;
0;4713001;86;8630504;
0;4713001;86;8630504;
0;4713001;
8630503;4713001;86;0;
0;8512100;4713001;
4713001;4036619;0;64;6421200;
4713001;4036619;0;64;6421200;
0;4713001;
0;86;4713001;
0;4713001;
0;86;4713001;
0;4713001;86;8630504;
0;4713001;86;8630504;
4713001;
8630503;4713001;86;0;
4713001;
8630503;4713001;86;0;
0;4713001;86;8630504;
4713001;
8630503;4713001;86;0;
0;4713001;
0;4713001;
0;4036619;64;4713001;
0;4713001;
0;4713001;86;8630504;
0;4713001;
0;4713001;7911200;
0;4713001;86;8630504;
0;4713001;
0;4713001;
0;4713001;
0;6911701;4713001;
0;4713001;
9491000;4713001;0;
0;4713001;
0;4713001;
4713001;
4713001;
0;86;4713001;
4712100;4713001;0;
4713001;
4713001;
4713001;
0;4713001;
0;4713001;
0;86;4713001;
4713001;
0;4713001;
0;4713001;
0;4713001;
4713001;
0;4713001;
4511102;0;4713001;
0;4713001;
0;4713001;
0;8512100;4713001;
0;4713001;
0;4713001;
0;4713001;86;8630504;
4713001;
4713001;
0;4713001;
0;8512100;4713001;
4713001;
0;4713001;
4713001;
0;4713001;
0;86;4713001;
0;4713001;
4713001;
0;4713001;
4713001;
0;4713001;
0;4623106;4713001;
0;4713001;
0;86;4713001;
0;4713001;
0;4713001;
0;4713001;
0;4713001;
4713001;4036619;0;64;6421200;
0;4713001;
4713001;4036619;0;64;6421200;
0;4713001;
0;4713001;
0;4713001;
0;4713001;
4712100;86;0;4713001;
0;4713001;
9491000;4713001;0;
0;4713001;
0;4713001;
4713001;
4763603;0;4713001;
0;86;4713001;
0;4713001;
0;4713001;86;8630504;
0;4713001;
4713001;
4713001;
0;4713001;
4713001;
0;6512000;4713001;
0;4713001;
0;4713001;
4713001;
0;4713001;
0;8512100;4713001;
0;4713001;
0;4713001;
4713001;
0;4713001;
0;4713001;
0;4713001;
0;4713001;
0;4713001;
0;8411600;4713001;
4713001;
0;4713001;
0;4713001;
4713001;
0;4713001;
4713001;
4713001;
0;4713001;
0;6512000;4713001;
4713001;
0;4713001;
0;7711000;4713001;
0;86;4713001;
0;86;4713001;
0;4713001;
0;4781400;4713001;
4713001;
4712100;0;4713001;
0;4713001;
4713001;
0;9102301;4713001;
0;4713001;
0;4713001;
0;4781400;4713001;
0;4713001;
0;86;4713001;
0;4713001;
0;4713001;4783101;
0;4713001;
4713001;
0;4713001;
0;4713001;8531700;
0;4713001;
0;4713001;
4713001;
0;4713001;
0;4713001;
4713001;
4713001;
4713001;
0;9601701;4713001;
4713001;
0;4789003;4713001;
9900800;4713001;0;
0;4713001;
5590699;4713001;0;
0;4713001;
0;64;4713001;
4713001;
0;4713001;
0;4713001;
0;4713001;
0;4781400;4713001;
0;9102301;4713001;
0;4713001;
4713001;4036619;0;64;6421200;
0;9102301;4713001;
4712100;4713001;0;1091102;
0;4713001;
0;4713001;
0;4713001;
0;4713001;
0;4713001;
0;4713001;
0;64;4713001;
0;4713001;
0;4713001;
0;4713001;
4713001;
0;4713001;
0;4713001;
0;4713001;
0;86;4713001;
0;4713001;
0;4036619;64;4713001;
0;4713001;
0;4713001;
0;86;4713001;
4713001;
0;4713001;
4713001;
0;86;4713001;
4713001;
0;4713001;
0;4713001;
0;4713001;
4713001;
0;4713001;
0;4713001;
6821801;4713001;0;
9491000;4713001;0;
0;4713001;
0;86;4713001;
4713001;
4713001;
4713001;
0;4713001;
0;86;4713001;
4713001;
4713001;
0;8512100;4713001;
4713001;
0;4713001;
0;5223100;4713001;
0;4713001;
4713001;
0;4713001;
0;4713001;
0;4713001;
4713001;4036619;0;64;6421200;
0;4713001;
0;4713001;
4713001;0;5223100;4520005;4520001;
0;6911701;4713001;
9491000;4713001;0;
0;4713001;
0;4713001;
0;4713001;
0;4713001;
0;4713001;
0;4713001;
0;4713001;
4713001;
0;4713001;
4713001;
0;6512000;4713001;
4713001;
4713001;
0;4713001;
4713001;
4713001;
0;4713001;
0;4713001;
0;4713001;
0;4713001;4783101;
0;4713001;
9491000;4713001;0;
0;4713001;
0;8512100;4713001;
0;4713001;7911200;
4713001;
0;4781400;4713001;
0;4713001;
0;86;4713001;
0;86;4713001;
4713001;
4713001;
4713001;
4713001;
0;9602501;4713001;
4713001;
0;4713001;
0;4713001;8531700;
0;5223100;4713001;
0;4713001;
5611201;4713001;4712100;0;
0;4713001;7911200;
0;4713001;
0;6911701;4713001;
0;4781400;4713001;
4713001;
0;6911701;4713001;
0;4713001;
0;4713001;
0;4781400;4713001;
4713001;
4713001;
0;4789003;4713001;
0;6512000;4713001;
4713001;
0;4713001;
0;4713001;
0;4713001;
0;4713001;
0;4713001;
0;4713001;
0;4713001;9529102;
0;4713001;
9491000;4713001;0;
5590699;4713001;0;
0;4713001;
0;9700500;3101200;4713001;
4713001;
0;4713001;
0;86;4713001;
0;4713001;
0;9602501;4713001;
0;4713001;
4713001;
0;64;5310501;4713001;
0;64;5310501;4713001;
0;8512100;4713001;
4713001;
0;4713001;
0;9602501;4713001;
0;4713001;86;8630504;
0;9101500;4713001;
4511102;0;4713001;
4713001;4036619;0;64;6421200;
4713001;
0;4713001;
0;86;4713001;
4713001;
0;8610101;4713001;
0;4713001;
4713001;
0;86;4713001;
4713001;
9609208;0;4713001;
0;4713001;
0;5611202;4713001;
4713001;
0;9602501;4713001;
0;6920601;64;4713001;
0;4713001;
0;6920601;64;4713001;
0;4713001;
0;86;4713001;
0;4713001;
0;4713001;
4713001;
0;4713001;
0;4713001;
0;4713001;
0;4713001;
4713001;
4712100;0;4711302;4713001;
0;4713001;
4713001;
4713001;
4713001;
0;4713001;
0;4713001;
0;4713001;
0;8512100;4713001;
0;4713001;
0;4713001;
4712100;4713001;0;
4713001;
0;4713001;
0;4713001;
0;4713001;7911200;
0;4713001;
0;4713001;
0;4713001;
0;4713001;
0;4713001;
4713001;
4713001;
0;4713001;
4713001;
0;4713001;
0;4713001;
0;4713001;4520001;
4713001;4036619;0;64;6421200;
0;5223100;4713001;
0;9700500;3101200;4713001;
0;9700500;3101200;4713001;
0;4713001;
0;9700500;3101200;4713001;
0;4713001;
0;5611202;4713001;
0;4713001;
9491000;4713001;0;
9491000;4713001;0;
0;4713001;
0;4713001;
0;4713001;
0;6911701;4713001;
8630503;4713001;86;0;
0;4713001;
0;4713001;
0;4713001;
0;4713001;
4713001;
0;8512100;4713001;
0;4713001;
0;4713001;
0;4713001;
0;4713001;
0;4713001;
0;4713001;
0;4713001;
0;4713001;
0;4713001;
0;86;4713001;
0;4713001;
0;7711000;4713001;
0;8512100;4713001;
0;86;4713001;
0;6512000;4713001;
4713001;
0;4713001;
0;86;4713001;
0;4713001;
0;4713001;
0;86;4713001;
0;4713001;
4712100;0;4711302;4713001;
5590699;4713001;0;
0;4713001;
0;9102301;4713001;
0;64;4713001;
0;4713001;
9491000;4713001;0;
0;4713001;
0;4713001;
0;4713001;
0;4713001;
0;4713001;
0;4713001;
4712100;0;4713001;
9491000;4713001;0;
4713001;
0;4713001;
0;4713001;
0;4713001;
0;4713001;
0;4713001;
4713001;
0;4713001;
0;4713001;
4771701;86;0;4713001;
0;9602501;4713001;
0;4713001;
0;9602501;4713001;
4713001;
0;86;4713001;
0;4623106;4713001;
0;4713001;
0;4713001;
4713001;
4713001;
0;4713001;
0;8512100;4713001;
4712100;4713001;0;1091102;
0;4713001;
0;4713001;
4713001;
0;4713001;
0;4713001;
0;86;4713001;
0;4713001;
0;4713001;
0;4713001;
6821801;4713001;0;
0;4713001;
0;4713001;
4713001;
9491000;4713001;0;
4511102;0;4713001;
4713001;
0;4713001;
4713001;
0;4713001;
0;4713001;
0;4713001;
4511102;0;4713001;
0;4713001;
0;4713001;
0;4713001;
4713001;
0;4713001;
0;4713001;
4713001;
0;4713001;9529102;
0;4713001;
0;86;4713001;
0;4713001;9529102;
4713001;4036619;0;64;6421200;
4713001;4036619;0;64;6421200;
0;4713001;
0;4713001;4520001;
4713001;4036619;0;64;6421200;
0;9700500;3101200;4713001;
0;9700500;3101200;4713001;
0;9602501;4713001;
0;4713001;
9491000;4713001;0;
0;4713001;
4511102;0;4713001;
0;8512100;4713001;
9491000;4713001;0;
0;4713001;
0;86;4713001;
4712100;0;4713001;
0;86;4713001;
0;4713001;
4771701;86;0;4713001;
0;4713001;
0;9602501;4713001;
0;9602501;4713001;
0;4713001;7911200;
4713001;
4713001;
0;4713001;
0;4713001;
4712100;0;4711302;4713001;
0;4713001;
0;8512100;4713001;
9491000;4713001;0;
4713001;
0;4713001;
0;4713001;
0;4713001;
0;4713001;
0;4713001;
0;4713001;
4713001;
0;4713001;
4713001;
0;4713001;
0;4713001;
0;4713001;
0;4713001;
0;4713001;
4713001;
0;4713001;
0;8512100;4713001;
4713001;
4713001;
0;4789003;4713001;
0;4713001;
0;6512000;4713001;
0;4713001;
0;4713001;
0;4713001;
0;4713001;
0;6911701;4713001;
0;6911701;4713001;
0;4713001;
0;4713001;
0;4713001;
5590699;4713001;0;
0;4713001;
0;4713001;
0;4713001;
0;86;4713001;
0;64;4713001;
0;4713001;
0;4713001;
0;4713001;
0;4713001;
0;4713001;
9491000;4713001;0;
0;4713001;
0;4713001;
4713001;
0;4520001;4713001;
0;4713001;
0;4713001;
0;4713001;
0;4713001;
0;4713001;
0;4713001;
0;4713001;
0;4713001;
0;4713001;
0;4713001;
0;4713001;
0;86;4713001;
0;86;4713001;
0;64;6421200;4713001;
4712100;0;4713001;
9491000;4713001;0;
0;4713001;
4712100;86;0;4713001;
0;4713001;
0;4713001;
0;4713001;
4713001;
0;4713001;
0;4713001;
4713001;
4713001;
0;86;4713001;
4713001;
0;86;4713001;
0;4713001;
0;86;4713001;
0;86;4713001;
0;86;4713001;
0;4623106;4713001;
0;4713001;
0;4713001;
4713001;
4713001;8630503;0;8610101;86;
0;8610101;4713001;
0;8610101;4713001;
0;8610101;4713001;
0;8610101;4713001;
0;8610101;4713001;
0;8610101;4713001;
5590699;4713001;0;
8630503;4713001;86;0;
0;4713001;
6821801;4713001;0;
4713001;
0;8512100;4713001;
0;4713001;
0;4713001;4520001;
0;4713001;
0;4713001;
0;4713001;
4713001;
0;4713001;
4713001;
0;4713001;
0;4713001;
0;4930204;4713001;
0;4713001;
0;4713001;
4713001;
4511102;0;4713001;
0;4713001;
4713001;
0;4713001;
4713001;
0;4713001;
0;4713001;
0;4713001;
0;4753900;4713001;
0;4713001;
0;4713001;
0;4713001;
4713001;
0;4713001;
0;4713001;
0;4713001;4520001;
0;4713001;
9491000;4713001;0;
0;4713001;
0;86;4713001;
4713001;4036619;0;64;6421200;
0;4713001;
0;4713001;
0;4713001;
0;4713001;
0;4753900;4713001;
0;4713001;
9491000;4713001;0;
4713001;
0;4713001;
6821801;4713001;0;
4712100;0;4713001;
0;6512000;4713001;
0;4713001;
4511102;0;4713001;
0;4713001;
0;4713001;9529102;
0;4713001;
0;4713001;
0;8512100;4713001;
0;9601701;4713001;
0;86;4713001;
0;9602501;4713001;
4712100;0;4713001;
0;86;4713001;
0;86;9313100;4713001;
0;4520001;4713001;
0;4713001;4520001;
0;4781400;4713001;
0;4713001;
0;4713001;
0;86;4713001;
0;86;4713001;
0;4713001;
0;86;4713001;
0;4713001;
4713001;
0;9102301;4713001;
4713001;
0;8512100;4713001;
0;8512100;4713001;
0;9602501;4713001;
0;4713001;
0;4781400;4713001;
0;4713001;9529102;
0;4713001;
0;4713001;
4713001;
4713001;
0;4713001;
0;4713001;
4713001;
0;4713001;
4713001;
0;7711000;4713001;
4713001;
4713001;
4712100;0;4713001;
0;6512000;4713001;
0;4713001;
4713001;
4713001;4036619;0;64;6421200;
4713001;4036619;0;64;6421200;
0;86;4713001;
0;9601701;4713001;
0;4713001;
0;4713001;
0;64;4713001;
4713001;
4713001;
4713001;
0;9700500;3101200;4713001;
0;4713001;
0;4713001;
0;4713001;
0;4713001;
4713001;4036619;0;64;6421200;
0;4321500;9700500;4713001;
4713001;
0;4713001;
0;4713001;
4713001;
0;86;4713001;
0;86;4713001;
4713001;4036619;0;64;6421200;
4713001;
0;86;4713001;
0;4713001;
0;86;4713001;
0;4713001;
4713001;
0;4713001;
0;4713001;
0;86;4713001;
4713001;
0;86;4713001;
0;86;4713001;
0;4713001;
4713001;
0;86;4713001;
5590699;4713001;0;
0;4713001;
0;4713001;
0;4713001;
0;4713001;
0;4713001;
5611201;4713001;4712100;0;
5611201;4713001;4712100;0;
6821801;4713001;0;
0;4713001;
0;4713001;
4713001;
0;4713001;
0;4713001;
0;4713001;
0;4713001;
0;4713001;
4713001;
0;4713001;
4713001;
4712100;4713001;0;
4713001;
0;4713001;
4713001;
0;4713001;
4713001;
0;4713001;
4713001;
4713001;
0;4713001;
0;4713001;
0;4713001;
4771701;86;0;4713001;
0;4781400;4713001;
0;4781400;4713001;
4771701;86;0;4713001;
0;9602501;4713001;
0;4781400;4713001;
0;9602501;4713001;
4713001;
0;4713001;4520001;
0;4713001;
0;4713001;
0;86;9313100;4713001;
4713001;
0;86;4713001;
0;4713001;
4713001;
0;4713001;
4713001;
0;4713001;
0;4713001;
0;4713001;
4713001;
4713001;
0;4713001;
0;4713001;
4713001;
0;86;4713001;
0;4713001;
4713001;
0;8512100;4713001;
0;4713001;
0;4713001;
0;4713001;
0;4713001;
0;9700500;3101200;4713001;
0;4713001;
4713001;
0;4713001;
0;8512100;4713001;
4713001;
0;4923001;4713001;
5611201;4713001;4712100;0;
0;4713001;
0;4713001;7911200;
0;4713001;
0;64;4713001;
0;4713001;
0;4781400;4713001;
0;4713001;
8630503;4713001;86;0;
0;4713001;7911200;
0;4713001;
0;4713001;
0;86;4713001;
0;6911701;4713001;
0;4713001;
0;86;9313100;4713001;
0;4781400;4713001;
0;4713001;
5590699;4713001;0;
0;4713001;
0;9602501;4713001;
0;4713001;
0;4623106;4713001;
0;4623106;4713001;
0;4713001;
0;4713001;
0;4713001;
4713001;
0;6512000;4713001;
0;4713001;
0;4713001;
0;4713001;
0;6512000;4713001;
0;4713001;
4713001;4036619;0;64;6421200;
0;4753900;4713001;
4713001;
0;4713001;
4713001;
4713001;
0;4713001;
0;4713001;
0;4713001;
0;4713001;
0;4713001;
0;4713001;
0;4713001;
0;4713001;
4712100;4729602;0;4713001;
0;7711000;4713001;
4713001;
4713001;
0;86;4713001;
0;4713001;
0;86;4713001;
4713001;
0;4713001;
0;4713001;
4713001;
9900800;4713001;0;
4713001;
0;4713001;
0;9602501;4713001;
0;86;4713001;
0;4713001;
0;4713001;
4713001;
0;8512100;4713001;
0;4713001;
0;86;4713001;
0;4713001;
0;4713001;
0;86;4713001;
0;86;4713001;
0;86;4713001;
4713001;
0;4713001;
0;4713001;
0;4713001;
0;4713001;
0;4713001;
0;4713001;
0;4713001;
0;4713001;
0;4713001;
0;8512100;4713001;
0;86;4713001;
0;4713001;
0;4713001;
0;4713001;
5611201;4713001;4712100;0;
0;4713001;
0;4713001;
0;4713001;
5611201;4713001;4712100;0;
6821801;4713001;0;
4713001;
0;4713001;
0;4520001;4713001;
4713001;
0;4713001;9529102;
4712100;4713001;0;
4511102;0;4713001;
4713001;
4713001;
4713001;4036619;0;64;6421200;
0;9700500;4713001;
4713001;
4511102;0;4713001;
0;9700500;4713001;
0;4781400;4713001;
0;4781400;4713001;
4712100;4713001;0;
4712100;0;4713001;
0;4713001;
0;4713001;
0;4713001;
0;8512100;4713001;
0;86;4713001;
0;86;4713001;
0;9102301;4713001;
4712100;4713001;0;
0;4713001;
4713001;
0;4713001;
0;4713001;
0;86;4713001;
0;4713001;
0;4713001;
0;4713001;
0;4713001;
0;4713001;
0;4713001;
0;4713001;
0;4713001;
0;4713001;
0;4713001;
0;4713001;
0;4713001;
0;4713001;
4713001;
0;4713001;
9491000;4713001;0;
0;4713001;
4771701;86;0;4713001;
0;4713001;
0;4713001;
0;4713001;
0;4713001;
0;4713001;
0;4713001;
0;4713001;
0;86;4713001;
0;4713001;
0;4713001;
0;4713001;
0;4713001;
0;4713001;
0;5611202;4713001;
4511102;0;4713001;
0;4713001;
0;86;4713001;
4712100;0;4713001;
4713001;
4511102;0;4713001;
0;4713001;4520001;
0;4713001;
0;4713001;
0;86;4713001;
9491000;4713001;0;
8630503;4713001;86;0;
0;4713001;
4713001;
0;9602501;4713001;
4713001;
0;86;4713001;
0;4713001;
4713001;
4713001;
0;4713001;
4713001;
0;4713001;
4713001;
0;8512100;4713001;
0;86;4713001;
0;86;4713001;
0;4713001;
4713001;
4713001;
0;86;4713001;
0;86;4713001;
0;86;4713001;
0;86;4713001;
0;4713001;
4713001;
4713001;
5611201;4713001;4712100;0;
5611201;4713001;4712100;0;
0;4713001;
0;4713001;
0;4753900;4713001;4520001;
0;4713001;
4713001;
4713001;
0;4713001;
9491000;4713001;0;
0;4713001;
9491000;4713001;0;
0;4713001;
0;4781400;4713001;
4713001;
0;4713001;
0;4713001;
0;4753900;4713001;
0;4713001;4712100;5611201;5611202;
9609208;0;4713001;
5611201;4713001;4712100;0;
0;4713001;
4712100;4713001;0;
0;4713001;
0;4713001;
0;4713001;
0;8512100;4713001;
4713001;
0;4713001;
4713001;
0;4713001;
0;4713001;
0;4713001;
0;6512000;4713001;
0;6512000;4713001;
0;4713001;
4713001;
0;4713001;
4713001;
0;4713001;
4713001;
0;4713001;9529102;
0;4713001;
0;4713001;
4713001;
0;4713001;
0;4713001;
0;4713001;
0;4713001;
9491000;4713001;0;
4713001;
0;4713001;
0;86;9313100;4713001;
0;9602501;4713001;
4713001;
0;4713001;
0;4713001;
6911701;6920601;4713001;0;64;
0;86;9313100;4713001;
0;4713001;
4712100;4713001;0;1091102;
0;86;4713001;
0;4713001;
0;4713001;
0;4713001;
4713001;
0;4713001;
0;4713001;
0;4713001;
4713001;
0;4713001;
0;4713001;
0;8512100;4713001;
0;4713001;
0;4713001;
0;4713001;
0;4713001;
0;4713001;
9491000;4713001;0;
0;4713001;
0;4713001;
0;4713001;
0;4713001;
0;9700500;3101200;4713001;
5611201;0;4712100;4713001;
4712100;4713001;0;
5611201;4713001;4712100;0;
0;4713001;
0;4713001;
4712100;4713001;0;
5611201;4713001;4712100;0;
0;4713001;
0;4713001;
0;4713001;
0;4713001;
0;4713001;
0;4713001;
0;4713001;
5611201;4713001;4712100;0;
0;4713001;
0;4713001;
0;86;4713001;
0;4713001;
0;4713001;
0;4713001;
0;4713001;
0;4789003;4713001;
0;4713001;
0;4713001;
0;4713001;
0;4789003;4713001;
0;4713001;
0;4713001;
0;4713001;
0;64;6421200;4713001;
4713001;
0;4713001;
0;4713001;
4713001;
4713001;
0;4713001;
0;4713001;
0;4713001;
0;4713001;
4713001;
0;4713001;
4713001;
0;4713001;
0;4713001;
0;4753900;4713001;
0;4713001;
0;4713001;
0;4713001;
0;64;5310501;4713001;
0;4713001;86;8630504;
0;4789003;4713001;
0;4713001;
0;4713001;
0;4713001;
0;4713001;
0;4713001;
0;4713001;
0;4713001;
0;4713001;
4713001;
0;4713001;
5611201;4713001;4712100;0;
6821801;4713001;0;
0;4713001;
0;4713001;
6821801;4713001;0;
0;6911701;4713001;
0;4713001;
0;4713001;
0;4713001;
0;6911701;4713001;
0;4713001;
0;6911701;4713001;
0;4713001;7911200;
0;4713001;
0;6911701;4713001;
0;4713001;
0;4713001;
0;4713001;
0;4713001;
0;4713001;
0;4713001;
0;4713001;
4771701;86;0;4713001;
0;4713001;
0;4713001;
86;4713001;8650004;0;
0;4713001;
0;4713001;86;8630504;
4713001;
0;4713001;
4713001;
4713001;
86;4713001;8610101;0;
4771701;86;0;4713001;
0;4713001;
4713001;
5611201;4713001;4712100;0;
0;86;4713001;
8630503;4713001;86;0;
0;86;4713001;
5611201;4713001;4712100;0;
0;86;4713001;
4713001;
4713001;
4713001;
8630503;4713001;86;0;
0;4713001;
0;86;9313100;4713001;
4713001;
0;7500100;4713001;
0;4713001;
0;86;9602501;4713001;
0;4713001;